match_id,loss,is_dire,patch,game_mode,lobby_type,duration,obs_placed,sen_placed,camps_stacked,hero_id,level,item_0,item_1,item_2,item_3,item_4,item_5,kda,last_hits_per_min,denies,ka_per_min,kills_per_min,deaths_per_min,gold_per_min,xp_per_min,pct_team_gpm,pct_team_xpm
4133996650,1,1,38,22,7,3060,None,None,None,5,21,254,214,206,256,42,46,2,1.588235294117647,1,0.47058823529411764,0.19607843137254902,336,380,0.17151607963246554,0.14542671259089168
4132155603,1,0,38,22,7,1915,None,None,None,27,13,180,244,218,46,0,0,0,0.4073107049608355,0,0.18798955613577023,0.18798955613577023,173,258,0.1371927042030135,0.16570327552986513
4128618002,1,0,38,22,7,2343,None,None,None,87,17,0,46,16,180,254,0,2,0.793854033290653,2,0.38412291933418696,0.12804097311139565,208,338,0.15182481751824817,0.18851087562744004
4125535582,1,0,38,22,7,3424,None,None,None,5,25,96,214,254,102,218,46,2,1.086448598130841,0,0.4731308411214953,0.15771028037383178,399,526,0.26129666011787817,0.2544750846637639
4122285995,1,1,38,22,7,2631,None,None,None,49,23,116,112,63,46,0,166,2,5.427594070695553,2,0.31927023945267957,0.11402508551881413,413,555,0.23627002288329518,0.23819742489270387
4120350243,0,0,38,22,7,2890,None,None,None,71,23,267,63,46,42,162,0,2,0.6020761245674741,0,0.7058823529411765,0.2906574394463668,291,474,0.17218934911242603,0.20816864295125165
4119631706,1,1,38,22,7,2820,None,None,None,84,19,180,102,188,90,218,0,2,0.46808510638297873,0,0.3191489361702128,0.10638297872340426,246,331,0.14496169711255155,0.1453028972783143
4118397929,1,0,38,22,7,3164,None,None,None,98,25,127,125,235,46,180,0,2,3.3944374209860935,0,0.5309734513274336,0.1706700379266751,417,637,0.25661538461538463,0.27901883486640383
4118285827,0,0,38,22,7,2537,None,None,None,5,22,256,214,218,102,46,9,1,1.064249113125739,0,0.4493496255419787,0.21284982262514782,363,507,0.1926751592356688,0.22207621550591328
4116569255,0,0,38,22,7,3439,None,None,None,29,23,1,127,231,131,0,46,3,1.552776970049433,2,0.40127944169816804,0.10468159348647862,288,398,0.15327301756253325,0.18791312559017942
4114986314,1,1,38,22,7,2637,None,None,None,36,23,127,96,63,79,77,46,1,3.0489192263936293,6,0.477815699658703,0.22753128555176336,375,520,0.19736842105263158,0.18413597733711048
4113364583,1,1,38,22,7,3526,None,None,None,51,25,214,127,267,36,242,210,2,2.433352240499149,20,0.5104934770277936,0.18718094157685763,353,475,0.17160913952357804,0.1737381126554499
4106021764,1,1,38,22,7,3451,None,None,None,20,25,218,187,263,267,214,46,3,0.9040857722399305,3,0.6780643291799479,0.15647638365691105,326,543,0.13761080624736174,0.1876295784381479
4104081250,1,1,38,22,7,3470,0,0,0,63,25,236,123,46,63,168,149,5,3.5273775216138326,3,0.6916426512968299,0.12103746397694524,382,747,0.17076441662941438,0.2404248471194078
4102565829,1,1,38,22,7,2458,None,None,None,20,17,214,0,0,188,16,102,2,0.6590724165988608,1,0.31733116354759966,0.12205044751830756,196,322,0.1101123595505618,0.14576731552738795
4100672776,1,1,38,22,7,2167,None,None,None,5,15,0,214,46,42,254,0,1,0.35994462390401477,0,0.35994462390401477,0.24919243193354867,192,284,0.12276214833759591,0.1462409886714727
4099104923,1,1,38,22,0,1559,None,None,None,38,12,106,0,182,50,0,46,0,0.9621552277100707,3,0.23091725465041693,0.3463758819756254,230,281,0.17557251908396945,0.1726044226044226
4098705664,1,0,38,22,0,2376,None,None,None,85,15,31,79,182,42,180,0,0,0.8080808080808081,2,0.3787878787878788,0.3787878787878788,204,271,0.14945054945054945,0.1449197860962567
4098497823,0,0,38,22,0,2506,0,0,0,42,25,63,252,208,9,151,46,11,2.5857940941739823,2,0.7901037509976058,0.047885075818036714,441,685,0.24887133182844243,0.28745279060008394
4097513504,0,1,38,22,0,2508,None,None,None,5,20,254,214,46,42,102,1,2,0.8133971291866029,0,0.5741626794258373,0.215311004784689,362,415,0.15884159719175076,0.14364832121841467
4097411100,0,1,38,22,0,3009,17,5,1,30,23,218,48,254,102,40,187,3,0.9172482552342971,0,0.4985044865403789,0.13958125623130607,354,459,0.15,0.15976331360946747
4093530465,1,0,38,22,0,2829,None,None,None,63,21,63,116,166,240,212,51,2,2.7571580063626726,1,0.5090137857900319,0.16967126193001061,346,405,0.2285336856010568,0.23684210526315788
4085460250,0,0,38,22,0,2630,None,None,None,25,24,50,135,41,166,100,0,1,3.650190114068441,0,0.3193916349809886,0.2509505703422053,427,569,0.23219140837411636,0.23158323158323157
4083229935,0,0,38,22,0,3905,0,0,0,98,25,46,210,242,116,180,127,2,3.4571062740076828,6,0.3072983354673496,0.10755441741357236,399,525,0.2176759410801964,0.23863636363636365
3633692314,1,1,26,22,7,2143,None,None,None,26,13,214,46,16,43,188,0,0,0.2799813345776948,2,0.16798880074661687,0.33597760149323375,133,214,0.09035326086956522,0.11048012390294269
3633157269,1,1,26,22,7,2994,None,None,None,20,23,214,102,90,36,46,42,3,0.8216432865731463,1,0.62124248496994,0.18036072144288579,256,483,0.13001523616048755,0.15862068965517243
3631590120,0,1,26,22,7,3134,0,0,1,99,25,242,127,63,210,36,46,2,2.6228462029355457,2,0.5169112954690491,0.21059349074664965,338,540,0.14340263046245227,0.18305084745762712
3631420167,0,1,26,22,7,1723,None,None,None,71,15,180,40,92,9,36,127,6,1.0795124782356356,0,0.8705745792222868,0.10446894950667442,300,383,0.14231499051233396,0.15487262434290336
3631054788,1,0,26,22,7,3166,0,0,0,99,22,90,127,63,36,9,242,2,3.0322173089071383,5,0.22741629816803538,0.09475679090334807,325,408,0.18289251547552055,0.19299905392620625
3627635906,0,0,26,22,7,3150,7,4,0,31,25,102,214,0,46,24,206,2,0.8571428571428571,1,0.41904761904761906,0.13333333333333333,307,537,0.1813349084465446,0.23368146214099217
3627456781,1,1,26,22,7,3182,0,0,0,49,25,151,63,46,36,116,166,1,3.1301068510370835,2,0.4525455688246386,0.2451288497800126,368,538,0.18871794871794872,0.1986706056129985
3627318686,1,0,26,22,7,2048,None,None,None,26,16,214,36,40,46,42,102,1,0.439453125,2,0.263671875,0.205078125,198,347,0.1493212669683258,0.20280537697253068
3625640497,0,0,26,22,7,3300,None,None,None,50,22,240,46,36,0,28,180,1,0.4545454545454546,0,0.2727272727272727,0.14545454545454545,217,389,0.13613550815558345,0.18630268199233715
3622863744,1,1,26,22,7,2008,None,None,None,26,14,214,0,16,0,46,0,0,0.05976095617529881,0,0.3884462151394422,0.4183266932270916,172,286,0.10355207706201083,0.1269982238010657
3622370957,1,1,26,22,7,2396,None,None,None,84,20,180,102,46,100,218,40,1,1.0767946577629384,2,0.27545909849749584,0.12520868113522537,275,430,0.1611013473930873,0.20216267042783262
3622206985,1,0,26,22,7,2493,0,0,0,99,20,127,36,208,63,46,131,1,3.393501805054152,1,0.31287605294825516,0.16847172081829123,346,435,0.2829108748977923,0.256788665879575
3620614715,0,0,26,22,7,2826,None,None,None,26,25,96,188,0,214,46,1,4,0.7006369426751592,3,0.6794055201698513,0.12738853503184713,299,589,0.1517766497461929,0.21718289085545722
3616798464,0,1,26,22,7,3308,9,2,0,20,25,63,263,46,147,0,88,3,2.2309552599758162,2,0.6892382103990327,0.16324062877871826,361,556,0.13445065176908752,0.17118226600985223
3611311702,0,1,26,22,7,3913,None,None,None,47,25,263,259,46,154,158,127,4,4.293381037567084,6,0.6440071556350626,0.12266802964477383,472,462,0.20692678649715038,0.16423746889441876
3610736004,0,1,26,22,7,2194,None,None,None,99,19,127,125,36,90,63,53,3,3.691886964448496,13,0.35551504102096626,0.0820419325432999,454,445,0.22531017369727047,0.2
3610515541,1,1,26,22,7,2025,None,None,None,44,19,168,46,182,50,16,8,1,2.2814814814814817,2,0.5333333333333333,0.2962962962962963,336,470,0.207663782447466,0.20425901781833986
3609297232,0,1,26,22,7,1950,None,None,None,30,17,254,48,218,46,0,0,5,0.3076923076923077,0,0.6461538461538462,0.09230769230769231,325,419,0.12582268679829656,0.1386499007279947
3609009215,0,1,26,22,7,2746,7,13,0,20,22,170,214,229,33,218,0,2,0.5680990531682447,0,0.4588492352512746,0.1529497450837582,264,461,0.11691762621789194,0.16238112011271574
3608810049,1,1,26,22,7,2050,10,3,0,90,16,46,108,0,214,23,0,2,1.873170731707317,1,0.351219512195122,0.11707317073170732,300,337,0.1893939393939394,0.1835511982570806
3606654452,1,1,26,22,7,1920,None,None,None,27,13,16,46,42,44,180,56,0,0.5625,3,0.25,0.34375,188,274,0.14873417721518986,0.17873450750163078
3605073273,0,1,26,22,7,2456,12,12,4,90,24,108,0,24,48,46,57,5,1.8566775244299674,0,0.732899022801303,0.1221498371335505,370,617,0.1701931922723091,0.19699872286079181
3603404069,1,1,26,22,0,1576,None,None,None,99,12,125,36,3,63,46,0,1,2.0939086294416245,0,0.26649746192893403,0.2284263959390863,265,268,0.17480211081794195,0.16341463414634147
3603355301,1,1,26,22,0,1774,4,3,2,26,12,0,0,16,214,0,1,1,0.2029312288613303,0,0.20293122886133033,0.13528748590755355,167,251,0.12546957175056347,0.16193548387096773
3596108196,1,1,26,22,0,3293,1,0,0,96,21,90,182,214,46,210,1,1,2.0224719101123596,0,0.41907075614940786,0.20042514424536897,245,344,0.13193322563274099,0.13416536661466458
3595904536,0,0,26,22,7,3132,None,None,None,26,19,16,214,46,42,0,1,1,0.421455938697318,1,0.28735632183908044,0.19157088122605362,227,323,0.12534511319712865,0.1470856102003643
3595396421,1,0,26,22,7,1652,None,None,None,90,11,214,16,0,46,42,23,0,0.9806295399515739,1,0.2179176755447942,0.4358353510895884,180,240,0.16806722689075632,0.16632016632016633
3595241038,1,1,26,22,7,1766,None,None,None,44,13,172,8,182,50,240,46,1,2.3103057757644394,1,0.30577576443941107,0.23782559456398641,243,284,0.17763157894736842,0.17884130982367757
3595051524,0,1,26,22,0,2664,None,None,None,71,21,185,149,63,127,92,240,3,0.7207207207207207,1,0.5405405405405406,0.15765765765765766,304,427,0.11773818745158791,0.1441106986162673
3593879354,0,0,26,22,7,3176,None,None,None,99,25,210,208,127,63,36,90,4,3.891687657430731,3,0.5856423173803527,0.11335012594458439,425,579,0.2808988764044944,0.30345911949685533
3591933684,0,1,26,22,7,2533,None,None,None,40,25,263,249,166,229,63,46,4,4.619028819581524,3,0.8764311093564943,0.16581129095933675,532,657,0.2159090909090909,0.18884736993388904
3590119809,1,1,26,22,7,3701,13,19,0,26,25,48,42,16,0,0,1,1,0.5998378816536072,0,0.29181302350716026,0.1621183463928668,208,478,0.08721174004192872,0.1629175187457396
3585019723,1,0,26,22,0,2324,None,None,None,26,15,46,16,214,42,188,254,0,0.2581755593803786,0,0.23235800344234078,0.28399311531841653,193,290,0.17481884057971014,0.1853035143769968
3584949196,1,1,26,22,7,2807,0,0,0,99,20,125,46,127,24,63,69,1,3.01389383683648,0,0.36337727110794443,0.1923762023512647,301,389,0.15102860010035124,0.1484732824427481
3584861781,1,0,26,22,7,2704,None,None,None,31,23,206,108,102,0,214,42,6,1.9970414201183435,1,0.5769230769230769,0.0665680473372781,336,500,0.24944320712694878,0.2717391304347826
3584558561,0,0,26,22,7,2206,0,0,0,99,24,127,131,125,63,46,114,12,3.1006346328195833,2,0.6799637352674525,0.027198549410698096,443,693,0.21226641111643507,0.27017543859649124
3584355220,0,1,26,22,7,1602,None,None,None,30,14,180,46,0,0,40,254,3,0.6741573033707865,1,0.7116104868913858,0.18726591760299627,312,370,0.12420382165605096,0.1345943979628956
3583074343,0,0,26,22,7,1808,10,7,2,26,16,214,0,36,100,254,60,3,1.0287610619469025,0,0.7632743362831859,0.19911504424778761,337,417,0.20215956808638272,0.20183930300096806
3582923972,1,0,26,22,7,2980,0,0,1,99,24,242,127,116,63,61,46,1,3.261744966442953,5,0.32214765100671144,0.18120805369127518,364,522,0.22276621787025705,0.2483349191246432
3582740385,0,1,26,22,7,2840,7,4,2,20,25,147,229,63,0,46,31,8,1.5422535211267605,2,0.6971830985915493,0.06338028169014084,329,576,0.1464826357969724,0.20549411344987514
3582294608,0,0,26,22,0,3057,None,None,None,98,25,242,121,127,235,29,210,3,5.5152109911678115,2,0.45142296368989204,0.09813542688910697,480,628,0.30245746691871456,0.2896678966789668
3581894080,1,0,26,22,7,2367,None,None,None,20,16,63,46,236,212,75,42,0,1.1660329531051965,4,0.1774397972116603,0.20278833967046894,212,310,0.1939615736505032,0.20038784744667099
3580803269,1,1,26,22,7,2574,4,0,0,84,20,46,180,0,267,181,254,1,0.5827505827505828,0,0.46620046620046623,0.25641025641025644,290,420,0.1695906432748538,0.1740571902196436
3580719451,0,1,26,22,7,1995,0,0,0,99,21,210,242,127,63,131,0,5,2.9473684210526314,3,0.6616541353383458,0.09022556390977443,420,559,0.17774016081252644,0.19815668202764977
3580645337,0,0,26,22,7,1572,0,0,0,99,21,127,210,242,53,63,46,10,3.931297709923664,4,0.7633587786259542,0.03816793893129771,551,732,0.2877284595300261,0.35551238465274404
3580296575,1,1,26,22,7,2702,10,6,0,27,21,0,180,46,1,108,0,1,1.5321983715766099,3,0.17764618800888232,0.15544041450777202,234,411,0.13402061855670103,0.14934593023255813
3580086159,1,1,26,22,7,2160,None,None,None,50,14,0,229,16,0,16,180,2,0.47222222222222215,0,0.3333333333333333,0.1111111111111111,196,275,0.12920237310481214,0.1530328324986088
3579794351,1,1,26,22,7,2499,10,16,4,30,16,40,180,46,254,0,0,1,0.8163265306122449,0,0.26410564225690275,0.19207683073229292,226,293,0.13622664255575648,0.13275940190303578
3578948035,1,0,26,22,7,2188,None,None,None,90,14,214,42,60,23,21,46,0,1.3711151736745886,0,0.1919561243144424,0.1919561243144424,199,257,0.17081545064377682,0.17566643882433355
3578531353,1,1,26,22,7,2490,5,12,1,90,18,108,218,214,16,0,46,2,1.5421686746987953,1,0.2891566265060241,0.0963855421686747,227,346,0.12513781697905182,0.14093686354378818
3578368180,1,0,26,22,7,3383,None,None,None,87,21,218,46,16,48,102,59,2,0.17735737511084837,1,0.5498078628436299,0.2483003251551877,250,339,0.1656726308813784,0.1485539000876424
3578236705,0,1,26,22,7,2371,None,None,None,20,23,214,263,187,88,22,46,3,1.3665120202446226,0,0.7085617882749895,0.20244622522142555,359,602,0.1462917685411573,0.1829787234042553
3577996416,1,1,26,22,7,1921,None,None,None,20,15,214,187,42,16,0,254,2,0.4372722540343571,1,0.6246746486205101,0.24986985944820406,251,353,0.15541795665634675,0.16274781005071462
3577108092,1,1,26,22,7,3170,None,None,None,90,25,108,102,0,214,46,188,2,2.271293375394322,1,0.43533123028391163,0.1892744479495268,312,592,0.14593077642656688,0.18698673404927352
3576993079,1,0,26,22,7,3057,None,None,None,90,22,48,46,108,43,0,0,1,2.39450441609421,2,0.2944062806673209,0.13738959764474976,277,432,0.18565683646112602,0.226890756302521
3575401618,0,0,26,22,7,3199,None,None,None,84,24,244,180,254,119,46,0,1,0.9377930603313535,3,0.4501406689590497,0.26258205689277897,296,460,0.18282890673255095,0.19016122364613477
3574611944,1,0,26,22,7,2239,None,None,None,20,20,229,214,254,75,0,46,1,0.5627512282268871,0,0.6163465832961142,0.321572130415364,260,455,0.1698236446766819,0.21853986551392893
3573838728,0,1,26,22,7,1609,None,None,None,99,15,242,131,127,0,63,46,3,3.4679925419515225,4,0.4847731510254817,0.11187072715972654,408,399,0.16943521594684385,0.152
3572146892,1,0,26,22,7,3542,None,None,None,20,25,63,263,46,154,116,52,2,3.2862789384528512,2,0.6098249576510446,0.220214568040655,366,539,0.22426470588235295,0.2465690759377859
3572086803,1,0,26,22,7,2498,None,None,None,90,17,108,46,0,42,214,40,1,1.8975180144115291,0,0.2642113690952762,0.2401921537229784,263,332,0.16624525916561314,0.1502262443438914
3570056611,1,1,26,22,7,2386,8,1,1,5,16,214,254,43,16,46,0,1,0.5532271584241408,1,0.37720033528918695,0.2766135792120704,183,296,0.11753371868978806,0.12875163114397564
3569977806,0,1,26,22,7,2422,None,None,None,90,23,214,108,24,254,46,0,2,1.9570602807597028,2,0.3963666391412056,0.1486374896779521,309,579,0.13193851409052093,0.17931248064416228
3569407043,1,1,26,22,7,2563,0,0,0,99,22,131,125,127,63,210,53,3,4.213811939133827,2,0.3511509949278189,0.07023019898556379,374,474,0.2125,0.19774718397997496
3568119865,0,1,26,22,7,1946,None,None,None,20,19,212,236,147,215,63,42,4,2.7440904419321686,3,0.7399794450154163,0.12332990750256939,397,494,0.17512130569033965,0.17011019283746556
3566089814,0,1,26,22,7,3352,None,None,None,87,19,180,102,108,46,218,244,1,0.5011933174224343,1,0.44749403341288785,0.3221957040572792,288,298,0.12085606378514478,0.10681003584229391
3564337178,0,1,26,22,7,2339,3,8,0,20,21,187,147,214,0,0,218,2,1.1543394613082514,0,0.6412997007268063,0.23086789226165028,361,510,0.15716151501959078,0.16683022571148184
3562638495,1,0,26,22,7,2456,None,None,None,99,18,125,127,63,21,88,46,1,2.0765472312703586,0,0.4397394136807818,0.3175895765472313,268,348,0.21303656597774245,0.20726622989874927
3560911644,0,0,26,22,7,1986,None,None,None,99,20,127,63,131,125,86,46,3,2.054380664652568,0,0.5740181268882175,0.12084592145015105,372,532,0.19957081545064378,0.23231441048034934
3559157781,0,1,26,22,7,2233,None,None,None,30,17,180,254,46,229,0,0,1,0.8060904612628751,3,0.4030452306314375,0.18808777429467083,258,349,0.11938917167977788,0.11668338348378468
3558464051,1,0,26,22,7,2718,None,None,None,89,20,180,147,0,46,0,0,1,2.0529801324503314,0,0.26490066225165565,0.1545253863134658,256,389,0.17066666666666666,0.19314796425024827
3558297957,1,0,26,22,7,1877,None,None,None,87,14,42,102,46,180,244,0,0,0.28769312733084706,0,0.2557272242940863,0.31965903036760784,200,316,0.13577732518669383,0.1629706034038164
3557041497,0,1,26,22,7,3022,14,6,0,84,23,218,254,180,46,0,102,2,0.6750496360026472,0,0.5757776307081403,0.2183984116479153,266,449,0.11864406779661017,0.157323055360897
3545429262,1,1,26,22,0,2309,9,2,1,27,16,180,100,46,21,60,0,2,0.9354699003897791,0,0.5197055002165439,0.23386747509744477,276,313,0.13288396726047183,0.11182565201857807
3421091348,0,0,25,5,0,2274,None,None,None,16,17,9,214,188,108,182,1,1,1.0554089709762533,1,0.29023746701846964,0.158311345646438,280,354,0.15864022662889518,0.18033622007131941
3391729576,1,0,25,5,0,2624,None,None,None,101,24,180,206,123,21,0,8,4,3.1097560975609753,1,0.663109756097561,0.13719512195121952,402,558,0.2714382174206617,0.26878612716763006
3389045084,0,1,25,5,0,2179,None,None,None,8,19,147,46,160,139,50,0,2,5.424506654428637,4,0.3304268012849931,0.13767783386874713,614,441,0.23597232897770945,0.20704225352112676
3379697727,1,1,25,5,0,3030,None,None,None,47,19,63,212,236,170,116,0,2,2.257425742574257,9,0.4752475247524752,0.19801980198019803,259,306,0.13531870428422152,0.12142857142857143
3377587123,1,0,25,5,0,2921,0,0,1,1,22,63,145,143,170,0,116,1,5.525504964053406,13,0.28757274905854163,0.14378637452927082,353,436,0.286525974025974,0.23631436314363144
3375216359,0,1,25,5,0,2595,0,0,1,36,25,127,137,231,0,119,46,11,4.1387283236994215,3,1.0404624277456647,0.06936416184971098,469,654,0.19356170037144035,0.1989051094890511
3374578879,1,0,25,5,0,4087,0,0,1,35,25,158,46,263,63,168,152,1,5.578664056765354,14,0.39637876192806465,0.22021042329336923,448,443,0.2710223835450696,0.2335266209804955
3374362271,0,0,25,5,0,2176,0,0,0,10,18,212,63,123,46,24,60,10,2.5643382352941178,2,0.5514705882352942,0.027573529411764705,374,420,0.18496538081107813,0.18518518518518517
3372808162,0,0,25,5,0,3159,None,None,None,98,25,242,121,119,46,0,29,3,3.646723646723647,4,0.5508072174738842,0.15194681861348527,360,629,0.215311004784689,0.27684859154929575
3371835077,1,1,25,5,0,2507,0,0,0,73,21,112,137,0,0,0,63,1,5.265257279617072,4,0.26326286398085363,0.23932987634623057,444,475,0.24985931344963422,0.19660596026490065
3370680859,1,1,25,5,0,2859,None,None,None,49,22,116,141,0,34,63,0,2,4.008394543546695,5,0.3567681007345226,0.14690451206715635,339,464,0.19152542372881357,0.19373695198329854
3364565494,0,0,25,5,0,2357,None,None,None,43,22,235,50,100,119,46,0,8,4.378447178616886,6,0.6364022061943149,0.050912176495545185,430,518,0.26959247648902823,0.26937077483099325
3360673458,0,1,25,5,0,3027,None,None,None,36,23,131,46,180,108,206,1,3,2.0218037661050543,1,0.574826560951437,0.15857284440039643,347,459,0.17001469867711905,0.18171021377672208
3359860405,1,1,25,22,0,2368,None,None,None,13,16,180,77,46,100,1,0,1,1.1908783783783783,0,0.30405405405405406,0.22804054054054054,221,295,0.15497896213183732,0.15997830802603036
3358669843,1,1,25,22,0,2830,12,6,1,84,14,180,46,34,100,0,0,0,0.7632508833922261,0,0.12720848056537104,0.1696113074204947,175,209,0.09594298245614036,0.08904985087345547
3358368551,1,0,25,22,0,3960,16,4,2,50,19,102,79,218,180,254,46,1,0.6363636363636364,0,0.3181818181818182,0.15151515151515152,228,253,0.14970453053184504,0.1314968814968815
3358033344,1,1,25,22,0,2022,None,None,None,7,11,46,0,36,244,180,188,0,0.5637982195845698,0,0.2373887240356083,0.32640949554896137,183,189,0.13232104121475055,0.10606060606060606
3357611158,0,0,25,22,0,2568,None,None,None,51,21,46,119,0,50,102,127,3,2.3130841121495327,11,0.4906542056074767,0.14018691588785048,364,451,0.20449438202247192,0.20481380563124432
3332726841,1,0,25,22,7,2331,8,17,1,26,11,42,57,244,29,46,0,0,0.025740025740025742,0,0.1287001287001287,0.3861003861003861,138,155,0.11886304909560723,0.11289147851420248
3302032639,0,1,25,22,0,2756,9,2,4,5,18,214,254,149,102,46,188,2,0.8272859216255443,1,0.4789550072568941,0.17416545718432513,275,321,0.12832477834811012,0.11698250728862973
3276467142,1,1,25,22,0,2280,3,0,0,30,13,254,180,46,244,218,0,1,0.5263157894736842,0,0.2631578947368421,0.23684210526315788,183,208,0.12508544087491455,0.11574846967167501
3274424098,1,0,25,5,0,4403,None,None,None,16,25,102,42,180,46,1,108,2,0.9947762888939359,0,0.490574608221667,0.2044060867590279,245,376,0.15067650676506766,0.17669172932330826
3272022324,0,0,25,5,0,1879,5,0,1,100,17,180,46,0,149,116,0,3,0.5747738158594997,0,0.7025013304949441,0.19159127195316658,318,407,0.19402074435631483,0.2281390134529148
3269922567,0,0,25,2,0,1582,5,0,3,85,12,88,182,79,180,94,42,7,0.6447534766118836,0,0.5689001264222503,0.03792667509481669,281,262,0.1867109634551495,0.19096209912536444
3263493486,0,1,25,22,0,3692,None,None,None,48,25,236,135,156,63,147,32,5,7.524377031419284,7,0.6338028169014085,0.09750812567713976,579,656,0.2592924317062248,0.23270663355799928
3258508982,0,1,25,22,0,2028,None,None,None,75,17,102,77,63,0,250,236,2,2.7218934911242605,0,0.6508875739644971,0.20710059171597636,448,385,0.21705426356589147,0.2001039501039501
3223614302,1,1,25,22,0,2821,None,None,None,98,22,182,29,46,121,9,0,1,3.7008153137185396,4,0.25522864232541653,0.1914214817440624,301,451,0.16130760986066453,0.17220313096601755
3223547277,1,0,25,3,0,2548,9,19,2,90,16,214,102,60,43,0,0,2,1.4364207221350078,0,0.4474097331240188,0.16483516483516483,255,275,0.18227305218012865,0.148488120950324
3215045692,1,1,25,22,0,3368,8,21,0,84,22,102,180,218,46,188,40,2,0.37410926365795727,0,0.40973871733966744,0.17814726840855108,227,376,0.11299153807864609,0.15614617940199335
3213070330,1,1,25,22,0,3113,None,None,None,87,13,46,180,0,188,244,102,1,0.4433022807581111,0,0.26983617089624157,0.25056215868936715,166,164,0.0977620730270907,0.07589079130032392
3210557115,1,1,25,22,0,3548,None,None,None,20,21,31,180,102,46,0,40,1,0.45659526493799324,2,0.4227733934611049,0.23675310033821872,208,335,0.11225040474905558,0.14267461669505963
3207617249,0,0,25,22,0,1946,None,None,None,11,21,249,168,63,236,149,117,3,6.258992805755396,18,0.7708119218910586,0.1849948612538541,607,594,0.3533178114086147,0.34454756380510443
3200531983,0,1,25,22,0,2863,8,6,3,30,19,244,46,180,254,0,102,2,0.8801955990220048,0,0.35626964722319243,0.10478519035976248,242,340,0.12021857923497267,0.1286903860711582
3196661742,1,1,25,22,0,2823,1,0,0,29,22,239,180,1,46,108,79,3,2.720510095642933,2,0.46758767268862916,0.1275239107332625,283,450,0.1687537268932618,0.1897133220910624
3195873872,0,0,25,22,0,2188,None,None,None,48,22,212,236,147,139,63,26,6,6.581352833638025,10,0.5210237659963437,0.054844606946983544,578,604,0.3148148148148148,0.29178743961352654
3194419856,0,0,25,22,0,2627,11,10,0,37,18,108,180,218,46,254,0,3,1.210506280928816,1,0.5481537875904073,0.13703844689760183,317,351,0.17088948787061994,0.17205882352941176
3193865834,0,0,25,22,0,2940,None,None,None,5,22,214,254,1,46,102,60,6,0.5714285714285715,1,0.6122448979591837,0.08163265306122448,288,444,0.17571690054911532,0.20063262539539087
3193462645,1,0,25,3,0,2110,None,None,None,38,12,239,42,46,214,188,106,0,0.6255924170616114,0,0.17061611374407584,0.2559241706161138,175,210,0.1883745963401507,0.195712954333644
3192102517,1,0,25,3,0,2643,6,0,3,26,17,214,102,188,1,46,0,1,0.7037457434733257,0,0.29511918274687854,0.1816118047673099,211,290,0.16693037974683544,0.17149615612063868
3191204225,1,0,25,22,0,3244,None,None,None,88,23,180,104,149,135,46,0,1,2.1085080147965476,0,0.31442663378545005,0.2219482120838471,302,422,0.21884057971014492,0.22059592263460534
3190053007,0,0,25,22,0,2383,None,None,None,87,20,214,79,43,46,102,188,9,0.3273185060847671,1,0.7301720520352496,0.05035669324381032,254,461,0.17614424410540916,0.21745283018867925
3180228094,1,0,24,22,0,3011,12,6,0,84,19,180,60,102,0,0,46,1,1.1159083361009632,0,0.2789770840252408,0.19926934573231486,234,326,0.2040104620749782,0.23674655047204066
3179000110,1,0,24,22,0,2699,None,None,None,29,22,1,79,180,46,108,40,3,3.2901074472026677,0,0.33345683586513525,0.0889218228973694,308,460,0.24119028974158183,0.32167832167832167
3177200793,0,1,24,22,0,3082,None,None,None,87,22,102,48,46,37,244,218,3,0.6035042180402336,0,0.6229720960415315,0.1752109020116807,282,404,0.12522202486678508,0.14831130690161526
3034521706,1,1,21,5,0,2197,None,None,None,91,15,46,92,31,94,180,86,1,0.32771961766044605,2,0.32771961766044605,0.21847974510696405,188,277,0.12295618051013735,0.14625131995776136
3020761144,1,1,21,1,0,2748,7,0,0,65,22,1,102,108,180,0,0,1,1.3318777292576418,0,0.5458515283842795,0.26200873362445415,298,448,0.1386691484411354,0.16380255941499086
3019393808,1,0,21,1,0,2548,10,0,0,90,19,214,42,102,46,100,0,0,0.8006279434850864,0,0.18838304552590265,0.18838304552590265,236,356,0.15089514066496162,0.19464188080918535
3019312770,0,1,21,1,0,2495,0,0,1,76,22,40,263,63,96,119,77,13,2.3326653306613228,1,0.6492985971943888,0.02404809619238477,460,522,0.18706791378609192,0.19908466819221968
3017049595,0,0,21,1,0,2360,5,2,1,26,17,254,214,46,0,0,1,1,0.3559322033898305,0,0.30508474576271183,0.20338983050847456,253,333,0.14498567335243553,0.15849595430747263
3016994610,1,0,21,1,0,2514,0,0,0,58,18,63,263,46,98,237,2,1,3.436754176610979,0,0.26252983293556087,0.23866348448687352,308,351,0.24386381631037213,0.23353293413173654
3008367637,1,0,21,1,0,3812,0,0,1,60,25,108,50,143,149,112,162,1,2.6757607555089193,3,0.3777544596012592,0.20461699895068206,394,432,0.20351239669421486,0.24856156501726123
3007132381,1,0,21,22,7,2362,9,4,2,112,15,1,42,46,29,0,0,0,0.3556308213378493,0,0.17781541066892464,0.2540220152413209,219,265,0.15812274368231047,0.15858767205266308
3005938598,1,0,21,22,7,3058,None,None,None,111,19,231,0,244,46,0,102,1,0.49051667756703726,0,0.3727926749509483,0.27468933943754087,256,325,0.17582417582417584,0.176056338028169
3004587524,1,0,21,22,7,2878,None,None,None,5,23,129,48,218,254,46,1,2,0.7922168172341904,0,0.6462821403752605,0.20847810979847115,329,476,0.20549656464709556,0.217351598173516
3002706705,0,0,21,1,0,2910,4,8,1,30,20,46,254,180,42,37,102,1,0.37113402061855666,0,0.4742268041237113,0.2268041237113402,282,366,0.16500877706260972,0.2027700831024931
3002620214,0,0,21,22,7,2397,None,None,None,26,21,100,214,46,108,0,1,2,0.8260325406758449,0,0.5506883604505631,0.2002503128911139,420,496,0.17721518987341772,0.2012987012987013
2999830216,0,0,21,1,0,1733,None,None,None,19,14,252,182,1,180,46,60,1,3.150605885747259,0,0.31159838430467396,0.13848817080207732,364,307,0.24169986719787517,0.1941808981657179
2998757589,1,0,21,1,0,1856,1,0,0,19,15,41,63,252,0,46,1,0,4.040948275862069,1,0.06465517241379311,0.25862068965517243,297,324,0.23608903020667726,0.21357943309162822
2996962127,1,0,21,1,0,3141,None,None,None,23,23,141,116,112,50,41,46,0,4.508118433619866,2,0.17191977077363896,0.19102196752626552,375,437,0.22255192878338279,0.23958333333333334
2996914268,1,1,21,1,0,1886,None,None,None,62,13,46,94,181,88,180,0,0,0.19088016967126192,0,0.15906680805938495,0.15906680805938495,212,243,0.15197132616487455,0.15861618798955612
2994875097,0,1,21,1,0,1702,None,None,None,7,14,180,46,98,149,178,1,4,1.6216216216216217,0,0.564042303172738,0.10575793184488837,438,319,0.1628858311640015,0.14152617568766637
2994050435,1,0,21,1,0,2483,None,None,None,33,19,1,178,180,79,0,116,1,2.996375352396295,11,0.4107933950865888,0.21747885622231172,348,387,0.24964131994261118,0.21523915461624027
2992870480,0,0,21,1,0,2890,0,0,0,18,24,116,156,1,252,63,114,3,5.397923875432526,4,0.4152249134948097,0.10380622837370243,540,544,0.26959560659011483,0.26153846153846155
2992797126,1,0,21,1,0,2297,5,13,0,26,16,218,46,214,188,244,37,1,0.5224205485415759,1,0.3395733565520244,0.3134523291249456,217,295,0.1602658788774003,0.17857142857142858
2992661529,1,1,21,1,0,2104,None,None,None,78,16,50,46,182,252,17,1,0,2.3954372623574147,4,0.25665399239543724,0.25665399239543724,264,325,0.1511161991986262,0.15792031098153547
2991670809,0,0,21,1,0,1941,4,0,0,75,16,263,10,46,0,182,63,5,1.6383307573415766,0,0.5255023183925811,0.061823802163833076,407,369,0.20503778337531486,0.18440779610194902
2990239507,0,0,21,1,0,2832,None,None,None,61,22,98,63,139,178,116,0,1,4.088983050847458,1,0.2330508474576271,0.1483050847457627,428,464,0.267667292057536,0.2683632157316368
2989385165,0,1,21,1,0,2060,None,None,None,88,22,180,0,139,1,149,170,1,2.446601941747573,2,0.4368932038834951,0.20388349514563106,459,607,0.17114093959731544,0.20172814888667331
2988268569,0,0,21,1,0,2431,14,2,3,112,20,231,42,46,102,254,1,4,1.0859728506787332,0,0.32085561497326204,0.04936240230357877,346,426,0.17231075697211157,0.19258589511754068
2985401894,1,0,20,1,0,3557,None,None,None,54,25,151,252,112,143,50,149,1,4.503795333145909,4,0.2530222097272983,0.13494517852122576,351,468,0.24240331491712708,0.2709901563404748
2984318009,0,1,20,1,0,2185,None,None,None,43,18,235,48,41,9,46,100,1,4.036613272311213,3,0.2196796338672769,0.13729977116704806,464,379,0.16553692472351053,0.1378181818181818
2982254627,0,0,20,1,0,2847,None,None,None,38,24,214,112,239,81,194,116,2,4.40463645943098,3,0.4636459430979979,0.18967334035827185,478,565,0.25768194070080863,0.2645131086142322
2978058510,1,1,20,22,7,1875,None,None,None,72,17,236,168,50,71,212,46,1,4.064,6,0.256,0.192,342,419,0.21728081321473952,0.21845672575599584
2976411540,0,0,20,1,0,2085,None,None,None,64,15,46,47,100,23,43,29,2,0.34532374100719426,0,0.460431654676259,0.14388489208633093,306,282,0.15644171779141106,0.13816756491915727
2976241801,1,1,20,3,0,2355,0,0,2,48,22,63,156,116,236,170,212,1,6.267515923566879,2,0.15286624203821655,0.12738853503184713,464,554,0.26468910439247006,0.28869202709744657
2975091213,0,0,20,22,7,2856,0,0,0,11,25,139,63,0,170,236,116,2,4.915966386554622,8,0.5042016806722689,0.18907563025210083,525,585,0.31101895734597157,0.30612244897959184
2974357931,1,1,20,22,7,3362,None,None,None,84,22,188,102,231,40,46,218,3,0.5532421177870315,0,0.37477691850089234,0.08923259964306961,269,388,0.1356530509329299,0.17025010969723564
2970808962,1,0,20,22,7,2376,None,None,None,30,16,218,46,60,180,23,21,1,0.3282828282828283,1,0.40404040404040403,0.2777777777777778,259,300,0.17061923583662714,0.1651073197578426
2969097215,1,1,20,1,0,3090,None,None,None,27,22,180,46,21,218,60,1,2,1.087378640776699,0,0.34951456310679613,0.1553398058252427,255,415,0.13322884012539185,0.17857142857142858
2968858153,1,0,20,22,7,5183,None,None,None,50,25,48,244,37,102,42,79,3,1.0187150299054601,1,0.49778120779471347,0.12733937873818252,221,318,0.14568226763348716,0.24863174354964818
2965429571,0,0,20,22,7,2790,None,None,None,50,19,0,180,102,79,46,218,3,0.4946236559139785,0,0.5591397849462365,0.12903225806451613,291,333,0.15356200527704486,0.16869300911854104
2904093318,1,0,20,22,7,3136,None,None,None,84,23,180,79,188,42,46,102,2,0.6505102040816326,0,0.47831632653061223,0.15306122448979592,292,432,0.218562874251497,0.24671616219303255
2903665869,1,0,20,22,7,2513,None,None,None,84,20,188,0,180,102,218,40,2,0.716275368085953,0,0.3581376840429765,0.1193792280143255,280,407,0.20114942528735633,0.21823056300268096
2903148186,0,0,20,22,7,2289,None,None,None,26,20,214,0,232,108,244,1,4,0.34076015727391873,0,0.5504587155963303,0.10484927916120577,361,439,0.1806806806806807,0.19563279857397503
2901680412,1,0,20,22,7,2361,None,None,None,29,18,239,180,79,46,188,1,1,2.363405336721728,0,0.3303684879288437,0.22871664548919948,282,352,0.19170632222977566,0.1984216459977452
2901137844,1,1,20,22,7,2735,None,None,None,44,24,116,50,168,160,81,46,2,5.06764168190128,7,0.3510054844606947,0.1316270566727605,422,560,0.25637910085054677,0.264026402640264
2899370075,0,0,20,1,0,2423,2,5,0,33,19,108,116,79,180,43,1,3,3.664878250103178,2,0.44572843582335947,0.12381345439537764,461,409,0.2002606429192007,0.1707724425887265
2899307489,1,1,20,3,0,2337,None,None,None,18,23,252,63,11,26,141,46,1,6.675224646983311,3,0.2053915275994865,0.1797175866495507,464,593,0.24615384615384617,0.25266297400937365
2899260066,1,0,20,1,0,2020,0,0,0,42,20,63,151,182,252,46,143,2,3.772277227722772,1,0.4752475247524753,0.20792079207920794,407,525,0.28722653493295697,0.28363047001620745
2898434235,1,0,20,22,7,3682,None,None,None,87,22,102,40,90,180,46,218,1,0.5703422053231939,1,0.34220532319391633,0.26072786529060293,241,359,0.1684136967155835,0.2106807511737089
2897048819,1,1,20,22,7,2925,None,None,None,44,23,168,81,160,50,0,46,2,4.225641025641026,3,0.4307692307692308,0.1641025641025641,372,479,0.21318051575931232,0.21576576576576575
2894991590,1,0,20,22,7,2198,None,None,None,41,20,81,166,71,239,63,3,1,2.4294813466787986,3,0.3821656050955414,0.1910828025477707,301,462,0.21004884856943476,0.22725036891293654
2894661929,1,0,20,22,7,2750,None,None,None,87,18,102,0,180,0,0,60,1,0.4581818181818182,0,0.32727272727272727,0.28363636363636363,254,327,0.1723202170963365,0.1712041884816754
2892688246,0,1,20,22,7,3190,None,None,None,26,25,254,48,244,46,108,30,2,0.6959247648902821,2,0.45141065830721006,0.18808777429467086,333,519,0.1347632537434237,0.20218153486560186
2890589487,1,1,20,22,7,2756,12,6,0,87,20,46,180,244,21,23,102,1,0.45718432510885343,1,0.4136429608127722,0.23947750362844705,251,363,0.14237095859330687,0.154468085106383
2888272244,1,1,20,1,0,3446,None,None,None,5,23,96,214,100,43,46,254,1,0.5919907138711549,1,0.5397562391178178,0.261172373766686,302,400,0.15092453773113443,0.1771479185119575
2888033055,1,1,20,22,7,2263,None,None,None,27,14,43,60,21,180,0,1,1,0.9279717189571365,0,0.23862129916040653,0.1590808661069377,246,250,0.13796971396522714,0.12357884330202669
2887986969,0,0,20,22,7,1255,None,None,None,50,11,79,240,42,102,59,48,12,0.9083665338645419,0,0.5737051792828685,0.0,454,286,0.17454825067281815,0.14857142857142858
2887744124,0,1,20,22,7,3332,1,0,0,33,25,220,116,102,1,235,79,2,2.881152460984394,8,0.5042016806722689,0.16206482593037216,433,503,0.16854807318022577,0.20339668418924384
2887695742,0,0,20,22,7,1729,0,0,0,41,20,147,63,166,81,46,149,8,2.91497975708502,0,0.8328513591671487,0.06940427993059572,545,617,0.2410437859354268,0.24838969404186795
2885791803,0,0,20,22,7,3528,None,None,None,30,25,58,108,0,29,46,254,2,0.22108843537414966,0,0.5102040816326531,0.17006802721088435,298,472,0.1706758304696449,0.2505307855626327
2885617876,1,1,20,22,7,2713,None,None,None,50,22,43,46,180,100,40,102,2,0.5971249539255437,0,0.508661997788426,0.22115739034279394,285,454,0.14157973174366617,0.16014109347442682
2885289087,1,0,20,22,7,2277,None,None,None,87,12,46,244,27,29,43,23,0,0.1844532279314888,0,0.15810276679841895,0.23715415019762845,174,191,0.14427860696517414,0.1332868108862526
2883618845,0,0,20,22,7,1824,None,None,None,6,14,166,46,63,108,236,0,1,2.598684210526316,3,0.3618421052631579,0.19736842105263158,440,320,0.22703818369453044,0.19081693500298152
2883394714,1,0,20,3,0,4034,None,None,None,37,25,79,108,119,180,46,110,2,1.4129895884977688,2,0.34209221616261776,0.1338621715418939,371,416,0.22030878859857483,0.26032540675844806
2883216687,0,1,20,22,7,1801,None,None,None,87,14,108,180,0,46,188,102,3,0.4330927262631871,1,0.4664075513603554,0.09994447529150473,387,289,0.15592264302981468,0.13269054178145087
2861149208,0,0,19,1,0,3159,None,None,None,56,25,168,174,141,236,63,156,2,3.4567901234567904,2,0.4178537511870845,0.13295346628679963,509,527,0.24157570004746085,0.2813667912439936
2861100656,1,0,19,22,7,2461,None,None,None,57,17,102,46,180,218,244,0,1,0.3657049979683056,1,0.3169443315725315,0.2681836651767574,221,297,0.16455696202531644,0.16115029842647857
2860731753,1,1,19,22,7,1657,None,None,None,76,14,29,102,41,46,18,0,1,2.063971031985516,2,0.28968014484007243,0.21726010863005432,251,316,0.19116527037319117,0.22475106685633
2859195056,0,0,19,3,0,2814,9,10,1,83,19,108,180,46,244,0,0,1,0.3411513859275053,0,0.255863539445629,0.1492537313432836,275,326,0.1385390428211587,0.1780447842708902
2856952361,0,0,19,22,7,2708,12,8,1,50,19,100,188,108,92,29,218,4,0.33234859675036926,0,0.39881831610044316,0.06646971935007386,273,358,0.130622009569378,0.15847720230190349
2856364425,1,1,19,1,0,3128,None,None,None,26,21,43,46,0,100,188,254,1,0.2493606138107417,0,0.3069053708439898,0.23017902813299232,277,364,0.15186403508771928,0.15992970123022848
2856249731,0,0,19,22,7,2411,None,None,None,3,20,60,180,37,42,244,102,3,0.07465781833264207,0,0.39817503110742436,0.09954375777685609,308,428,0.16639654240950838,0.22998387963460504
2854610849,0,0,19,1,0,2224,None,None,None,84,15,181,79,102,42,46,180,3,0.24280575539568344,0,0.3776978417266187,0.08093525179856115,315,278,0.1436388508891929,0.1553072625698324
2854495745,1,0,19,22,7,2443,None,None,None,87,17,46,218,102,180,244,60,1,0.2701596397871469,0,0.3683995088006549,0.17191977077363896,254,326,0.18260244428468728,0.18800461361014995
2834618525,1,0,18,22,7,3141,None,None,None,111,15,42,244,46,79,31,180,1,0.4011461318051576,0,0.4584527220630372,0.2292263610315186,187,234,0.12017994858611825,0.12738160043549265
2812722028,0,0,18,1,0,2830,15,15,3,20,15,46,218,100,0,0,180,2,0.254416961130742,2,0.36042402826855124,0.12720848056537104,253,278,0.13993362831858408,0.15376106194690264
2808635475,1,1,18,22,7,3474,None,None,None,87,18,46,90,0,180,108,244,3,1.157167530224525,1,0.4145077720207254,0.12089810017271158,239,323,0.1160757649344342,0.1487793643482266
2807986609,0,1,18,1,0,3234,None,None,None,111,17,58,29,100,232,0,46,2,0.31539888682745826,0,0.3339517625231911,0.12987012987012989,269,300,0.12529110386585934,0.1282051282051282
2807610575,1,1,18,22,7,1967,None,None,None,37,10,46,244,0,29,0,0,0,0.21352313167259784,0,0.33553634977122526,0.33553634977122526,171,178,0.10754716981132076,0.09960828203693341
2806207206,0,1,18,3,0,2056,0,0,1,44,17,50,160,46,168,149,81,6,3.998054474708171,8,0.933852140077821,0.11673151750972763,512,490,0.21585160202360876,0.19537480063795853
2805630088,0,0,18,22,7,2157,None,None,None,29,16,239,180,46,79,108,1,7,2.6147426981919333,0,0.6119610570236439,0.05563282336578581,382,404,0.18561710398445092,0.1860036832412523
2804981431,0,0,18,22,7,1607,None,None,None,87,15,1,100,79,42,46,180,12,0.4853764779091475,1,0.8960796515245799,0.037336652146857496,398,461,0.19162253249879635,0.22476840565577766
2803591547,0,1,18,22,7,3034,None,None,None,11,25,152,168,63,263,170,116,3,3.737640079103494,11,0.7712590639419907,0.19775873434410018,569,651,0.2239275875639512,0.21013557133634603
2801355288,0,0,18,1,0,2395,6,2,4,37,14,180,108,42,46,244,1,2,1.1524008350730688,2,0.37578288100208773,0.1503131524008351,284,294,0.17338217338217338,0.1553911205073996
2800595465,1,1,18,22,7,2986,None,None,None,112,16,218,102,0,244,46,180,1,0.9645010046885465,0,0.22103148024112526,0.1607501674480911,237,274,0.1158924205378973,0.10933758978451716
2799162526,1,1,18,22,7,3009,None,None,None,29,19,239,21,180,79,60,1,1,2.7517447657028913,0,0.3389830508474576,0.29910269192422734,297,399,0.1542056074766355,0.1659043659043659
2799040255,0,0,18,22,7,2656,10,10,7,87,16,0,180,46,244,0,79,2,0.5647590361445783,0,0.5873493975903614,0.18072289156626506,254,319,0.13361388742766964,0.1513282732447818
2798913690,0,0,18,22,7,2060,None,None,None,30,14,46,180,40,43,244,1,1,0.3786407766990291,0,0.2621359223300971,0.17475728155339804,301,315,0.15459681561376476,0.1629591308846353
2797143311,1,1,18,1,0,2155,0,0,0,72,14,71,50,154,116,0,0,1,4.593967517401392,7,0.30626450116009285,0.16705336426914155,334,324,0.23259052924791088,0.20636942675159237
2797058736,0,1,18,22,7,3553,0,0,1,44,24,139,143,50,168,81,116,3,4.7790599493385875,7,0.5066141289051506,0.15198423867154517,439,526,0.1952846975088968,0.2130417172944512
2796957548,0,0,18,22,7,2671,None,None,None,90,20,37,100,214,42,46,102,5,0.943466866342194,0,0.7188318981654811,0.11231748408835643,358,514,0.18144956918398378,0.22783687943262412
2796817638,1,1,18,22,7,2863,None,None,None,3,14,42,180,40,0,244,31,1,0.10478519035976248,0,0.2933985330073349,0.20957038071952497,177,247,0.08998474834773768,0.1005700325732899
2796587507,0,0,18,22,7,1506,None,None,None,44,12,71,81,63,168,143,0,8,2.948207171314741,10,0.6374501992031872,0.0398406374501992,471,353,0.2185614849187935,0.20392836510687465
2796322137,0,0,18,22,7,2617,None,None,None,50,15,180,0,244,0,60,79,1,0.7565915170042034,0,0.32097821933511655,0.1834161253343523,263,294,0.14554510237963475,0.1379633974659784
2795107467,1,0,18,1,0,3263,15,30,5,50,18,188,180,218,46,244,79,3,0.4596996628869139,0,0.6987434875881091,0.2022678516702421,239,329,0.13855072463768117,0.16540975364504776
2793109691,1,1,18,22,7,1981,None,None,None,41,14,71,81,116,11,46,63,1,3.8162544169611303,7,0.3634528016153458,0.21201413427561838,312,343,0.19634990560100693,0.20200235571260305
2792562549,1,1,18,22,7,2532,None,None,None,55,19,180,79,58,178,46,108,2,3.0331753554502368,2,0.4976303317535545,0.16587677725118483,334,450,0.17747077577045697,0.19642077695329552
2792077893,0,1,18,22,7,3748,None,None,None,87,19,46,0,180,244,0,0,2,0.48025613660618993,0,0.576307363927428,0.22411953041622198,242,310,0.109009009009009,0.1357862461673237
2790685017,1,1,18,22,7,3602,None,None,None,64,18,180,79,46,100,0,218,1,0.966129927817879,0,0.3164908384230983,0.14991671293725709,246,310,0.12293853073463268,0.14226709499770537
2790447913,1,0,18,22,7,3146,None,None,None,5,19,214,42,254,60,0,100,2,0.5912269548633184,0,0.3432930705657979,0.1525746980292435,279,388,0.1680722891566265,0.19390304847576212
2790295953,1,1,18,22,7,1640,3,4,1,89,11,180,46,244,0,218,0,0,0.6219512195121951,3,0.21951219512195122,0.21951219512195122,207,225,0.16441620333598095,0.16423357664233576
2789996255,1,0,18,22,7,2115,None,None,None,19,15,1,63,46,108,182,0,2,3.404255319148936,4,0.3971631205673759,0.1702127659574468,329,362,0.2757753562447611,0.25619249823071477
2789449341,0,0,18,22,7,2363,None,None,None,57,17,180,42,79,60,46,21,22,0.5840033855268726,0,0.558611933982226,0.0,316,389,0.1669307976756471,0.1890184645286686
2787970273,0,1,18,1,0,3183,None,None,None,38,22,108,194,63,185,46,1,3,3.9773798303487276,1,0.30160226201696516,0.07540056550424129,397,493,0.17215958369470946,0.2007328990228013
2787850724,1,1,18,22,7,3547,3,2,1,29,25,110,48,108,79,0,1,4,3.704539047082041,0,0.5751339159853397,0.10149422046800112,399,558,0.1730268863833478,0.2244569589702333
2787403559,1,1,18,22,7,3005,None,None,None,20,19,46,180,244,218,188,37,1,0.21963394342762063,1,0.3194675540765391,0.2995008319467554,224,384,0.10852713178294573,0.14639725505146778
2785709339,0,1,18,22,7,2725,None,None,None,30,17,29,244,218,188,108,46,2,0.8807339449541285,0,0.3302752293577982,0.11009174311926606,289,359,0.12061769616026712,0.13450730610715625
2784826124,0,0,18,22,7,3022,None,None,None,86,17,0,180,102,37,108,0,1,0.6551952349437459,0,0.4367968232958306,0.25810721376571805,284,314,0.141363862618218,0.1406180026869682
2783610788,1,1,18,22,7,4227,0,0,5,15,25,139,154,168,116,63,79,3,4.315117104329311,3,0.32647267565649396,0.085166784953868,391,460,0.15285379202501956,0.20034843205574912
2783563284,0,1,18,22,7,1440,None,None,None,111,11,180,42,46,1,24,0,4,0.08333333333333334,0,0.6666666666666666,0.125,447,281,0.15086061424232197,0.1027046783625731
2783489679,1,0,18,22,7,2530,None,None,None,29,18,218,180,79,46,60,1,2,2.0632411067193677,1,0.47430830039525695,0.18972332015810278,308,429,0.21598877980364656,0.23151645979492713
2783277888,1,0,18,22,7,2594,None,None,None,84,19,180,46,42,108,0,0,0,0.4857363145720894,1,0.2544333076329992,0.2544333076329992,277,449,0.17870967741935484,0.22619647355163727
2781517872,1,1,18,22,7,2243,None,None,None,37,15,180,43,79,60,21,46,1,1.096745430227374,7,0.3209986625055729,0.2139991083370486,262,329,0.1673052362707535,0.17574786324786323
2777532774,1,1,18,22,7,2970,None,None,None,30,13,180,0,46,244,31,0,0,0.40404040404040403,0,0.16161616161616163,0.18181818181818182,166,185,0.09362662154540327,0.08401453224341508
2776554285,1,1,18,22,7,2822,None,None,None,26,16,1,214,218,37,244,0,1,0.6165839829907866,1,0.2763997165131113,0.1700921332388377,213,300,0.12290825158684363,0.1332741003998223
2775148612,0,0,18,22,7,3840,None,None,None,87,24,102,48,79,0,59,37,2,0.9375,2,0.390625,0.125,299,471,0.17293233082706766,0.23860182370820668
2775022398,0,0,18,22,7,2584,None,None,None,84,15,180,46,218,244,0,79,2,0.6269349845201238,0,0.32507739938080493,0.1393188854489164,267,308,0.14891243725599554,0.16748232735182164
2774250308,1,0,18,22,7,2172,1,0,0,29,14,180,79,239,46,0,0,1,1.9889502762430937,0,0.24861878453038672,0.19337016574585633,230,310,0.21718602455146366,0.23203592814371257
2773688472,1,1,18,22,7,2090,None,None,None,44,14,164,116,0,63,0,0,1,3.444976076555024,8,0.25837320574162675,0.20095693779904306,275,303,0.19448373408769448,0.1728465487735311
2772407982,1,1,18,22,7,2598,None,None,None,50,14,180,37,73,244,42,46,1,0.27713625866050806,0,0.20785219399538107,0.18475750577367206,179,242,0.10861650485436893,0.12435765673175746
2772270054,0,1,18,22,7,3585,None,None,None,87,21,180,254,42,79,46,102,3,0.5690376569037657,1,0.6694560669456067,0.16736401673640167,271,395,0.12368781378366044,0.16255144032921812
2771463215,0,0,18,22,7,3360,None,None,None,29,25,1,81,231,117,108,110,11,3.571428571428571,2,0.625,0.03571428571428571,418,578,0.2345679012345679,0.26908752327746743
2770139453,1,1,18,1,0,2532,None,None,None,29,16,180,239,79,69,0,102,1,2.4881516587677726,2,0.42654028436018954,0.23696682464454974,272,328,0.18169672678690715,0.1800219538968167
2764002456,1,0,18,22,7,2666,None,None,None,29,18,46,231,125,69,69,0,2,3.060765191297824,2,0.31507876969242316,0.11252813203300827,305,382,0.2730528200537153,0.2794440380395026
2735012112,1,1,18,22,7,3538,None,None,None,84,17,218,180,94,46,244,37,1,0.3900508762012436,2,0.18654607122668174,0.1526286037309214,185,283,0.09064184223419892,0.12975699220541037
2733109259,0,1,18,1,0,2573,1,0,0,29,18,231,110,182,46,0,1,3,2.331908278274388,1,0.4430625728721337,0.1165954139137194,370,404,0.16554809843400448,0.17421302285467874
2733031259,0,0,18,22,7,2831,None,None,None,84,20,244,102,180,0,46,0,3,0.381490639350053,1,0.4238784881667256,0.1059696220416814,260,478,0.13577023498694518,0.21926605504587157
2731154065,1,1,18,22,7,2646,7,6,1,33,14,1,79,178,0,29,0,1,3.6281179138321997,3,0.27210884353741494,0.20408163265306123,260,266,0.1491681009753299,0.13360120542440984
2731092753,1,0,18,22,7,2319,None,None,None,87,15,102,180,42,46,0,100,2,0.3363518758085382,0,0.5433376455368694,0.2069857697283312,274,332,0.16997518610421836,0.1814207650273224
2730979675,0,0,18,22,7,2382,None,None,None,30,17,48,46,59,239,108,244,3,0.9571788413098236,7,0.4030226700251889,0.10075566750629722,338,397,0.1686626746506986,0.17866786678667868
2730379589,1,1,18,22,7,3204,15,14,1,87,18,180,79,0,46,27,0,2,0.3745318352059925,3,0.5430711610486891,0.18726591760299627,211,326,0.09714548802946593,0.12548113933795227
2730274299,1,0,18,22,7,2419,8,13,3,87,16,46,180,79,254,244,218,2,0.7441091360066142,0,0.39685820587019427,0.17362546506821,300,354,0.20891364902506965,0.19787590832867524
2728890900,1,0,18,22,7,2196,0,0,0,39,15,98,60,41,63,0,0,0,2.185792349726776,2,0.2459016393442623,0.27322404371584696,282,328,0.21543162719633308,0.218812541694463
2728785467,0,1,18,22,7,2151,None,None,None,87,15,0,40,46,180,244,254,8,0.2789400278940028,0,0.4741980474198047,0.02789400278940028,313,350,0.12080277884986491,0.1312828207051763
2726285366,0,0,18,22,7,2943,None,None,None,26,17,214,46,102,43,30,79,2,0.22426095820591235,0,0.5300713557594292,0.20387359836901123,270,323,0.16864459712679575,0.1838360842344906
2723732302,1,0,18,22,7,2329,None,None,None,31,12,0,214,46,244,218,102,1,0.360669815371404,0,0.231859167024474,0.180334907685702,192,227,0.18045112781954886,0.18306451612903227
2721807621,0,0,18,22,7,2769,None,None,None,26,21,214,79,100,0,40,0,6,0.5633802816901409,1,0.6933911159263272,0.0866738894907909,310,510,0.17318435754189945,0.22437307523097227
2721567119,0,1,18,22,7,3168,None,None,None,87,19,102,0,0,180,188,244,2,0.6628787878787878,1,0.6060606060606061,0.1893939393939394,298,372,0.12118747458316388,0.1308016877637131
2719788960,0,1,18,22,7,2584,None,None,None,31,15,244,48,0,188,42,102,2,0.2786377708978328,0,0.37151702786377705,0.16253869969040247,265,294,0.10495049504950495,0.11547525530243519
2715105910,1,1,18,22,7,1611,None,None,None,87,12,102,46,180,100,0,0,1,1.5270018621973929,1,0.260707635009311,0.14897579143389197,316,320,0.2200557103064067,0.2092871157619359
2714865387,0,1,18,1,0,2925,None,None,None,98,19,242,46,235,29,0,127,3,2.605128205128205,4,0.6974358974358974,0.18461538461538463,386,399,0.19514661274014156,0.2
2713413925,0,1,18,1,0,2581,None,None,None,51,20,114,182,108,40,127,180,2,2.696629213483146,11,0.3719488570321581,0.13948082138705928,402,491,0.1763157894736842,0.19384129490722463
2713251625,0,1,18,1,0,2958,8,16,0,84,20,244,0,46,79,180,188,3,0.5882352941176471,9,0.40567951318458423,0.10141987829614606,300,446,0.12463647694225176,0.17213431107680432
2713057987,0,0,18,22,7,3051,0,0,1,98,21,121,114,162,29,127,8,3,4.188790560471976,6,0.471976401179941,0.1376597836774828,431,471,0.2508731082654249,0.24290871583290355
2712998471,1,0,18,22,7,1934,None,None,None,111,11,218,29,188,244,0,46,1,0.37228541882109617,1,0.3102378490175801,0.2792140641158221,186,225,0.14726840855106887,0.14591439688715954
2712307360,0,1,18,22,7,3017,None,None,None,30,18,40,43,180,244,46,254,1,0.4971826317533974,1,0.31819688432217436,0.15909844216108718,286,339,0.11852465810194779,0.12532347504621072
2710844219,0,0,18,22,7,2834,None,None,None,87,20,232,29,102,100,79,218,3,0.46577275935074103,1,0.7410021171489061,0.19054340155257585,367,455,0.18724489795918367,0.2045863309352518
2706502251,1,0,18,22,7,2231,None,None,None,87,11,46,0,29,244,218,0,1,0.7261317794710892,1,0.32272523532048414,0.16136261766024207,173,217,0.1389558232931727,0.15270935960591134
2701445186,0,0,18,22,7,2237,11,11,3,87,18,43,102,100,214,188,1,6,1.3679034421099687,1,0.5096110862762628,0.05364327223960662,336,465,0.17987152034261242,0.22270114942528735
2700390808,1,1,18,1,0,2859,7,28,7,30,16,100,46,29,0,0,218,2,0.6925498426023085,3,0.2728226652675761,0.1049317943336831,211,288,0.11927642736009045,0.13333333333333333
2700346747,1,0,18,1,0,2234,0,0,4,99,15,154,46,17,63,7,125,0,4.646374216651746,6,0.08057296329453895,0.1342882721575649,308,355,0.2970106075216972,0.33115671641791045
2698136880,1,0,18,1,0,2324,None,None,None,20,15,46,180,102,43,40,31,1,0.4388984509466437,0,0.3098106712564544,0.23235800344234078,281,318,0.20347574221578565,0.2081151832460733
2698055535,0,1,18,22,7,2265,None,None,None,30,14,218,46,100,29,102,0,4,0.5562913907284769,1,0.5298013245033113,0.10596026490066225,299,312,0.13051069402007856,0.12983770287141075
2697028363,0,1,18,22,7,3253,None,None,None,68,16,46,100,188,0,180,102,2,0.3135567168767292,0,0.4426683061789118,0.18444512757454656,275,262,0.11463109629012089,0.10034469551895825
2689080024,1,0,18,22,7,2327,None,None,None,6,11,63,240,0,244,237,0,0,0.567253975075204,1,0.051568543188654926,0.2062741727546197,195,206,0.15879478827361562,0.15606060606060607
2684976150,0,0,18,22,7,2135,None,None,None,87,13,180,79,102,0,46,0,2,0.7868852459016393,0,0.477751756440281,0.1405152224824356,326,268,0.14988505747126438,0.1213218650973291
2684919564,1,1,18,3,0,2664,9,10,7,87,16,180,60,46,218,79,244,5,0.8558558558558558,0,0.7207207207207208,0.11261261261261261,255,339,0.16579973992197658,0.18334234721471065
2684811640,0,1,18,22,7,2745,17,22,2,87,17,180,79,46,100,218,0,3,1.4863387978142077,0,0.4808743169398907,0.13114754098360656,315,356,0.1350192884697814,0.13895394223263074
2684455831,1,1,18,22,7,2345,None,None,None,67,18,125,53,63,174,14,61,2,3.095948827292111,5,0.4093816631130064,0.1791044776119403,351,459,0.19003789929615592,0.18896665294359818
2684207265,1,0,18,22,7,3204,None,None,None,111,19,100,46,40,29,232,43,2,0.7303370786516854,2,0.41198501872659177,0.16853932584269662,240,366,0.16540317022742937,0.18522267206477733
2682951642,1,0,18,1,0,3106,9,12,4,30,14,214,0,244,46,0,0,0,0.3283966516419833,1,0.21249195106245977,0.2511268512556343,165,217,0.10833880499015101,0.12163677130044843
2682896427,1,1,18,1,0,1310,4,2,7,111,5,29,216,237,244,218,0,0,0.0916030534351145,0,0.0,0.13740458015267176,109,89,0.10167910447761194,0.0739202657807309
2682544072,0,0,18,22,7,2678,None,None,None,111,14,29,218,1,46,244,188,2,0.31366691560866317,0,0.4256908140403286,0.15683345780433158,245,258,0.15341264871634314,0.15131964809384163
2681777146,1,1,18,22,7,1937,None,None,None,111,9,180,42,0,57,244,0,0,0.15487867836861124,0,0.18585441404233352,0.18585441404233352,183,153,0.12348178137651822,0.1006578947368421
2681516352,0,1,18,22,7,2993,10,14,5,111,17,40,43,46,254,48,1,3,0.2205145339124624,0,0.48112261944537255,0.12028065486134314,269,321,0.1329708353929807,0.14203539823008848
2680246595,1,1,18,22,7,2137,0,0,1,11,15,154,236,41,63,75,46,1,3.3411324286382778,0,0.3930744033692092,0.33692091717360784,335,338,0.18157181571815717,0.14818062253397632
2680157046,1,1,18,22,7,2667,13,22,6,111,14,100,42,0,46,0,29,1,0.31496062992125984,0,0.24746906636670415,0.17997750281214847,244,234,0.12279818822345244,0.117
2677773145,1,0,18,22,7,1776,3,10,0,87,12,42,244,46,188,102,29,0,0.33783783783783783,0,0.47297297297297297,0.47297297297297297,286,283,0.22861710631494805,0.19735006973500696
2675843356,0,0,18,22,7,2136,1,0,1,72,19,50,116,164,139,60,0,8,3.4269662921348316,8,0.7022471910112359,0.056179775280898875,488,564,0.2390984811366977,0.25485765928603704
2675672862,1,0,18,22,7,2334,None,None,None,111,11,180,27,46,0,23,0,1,0.12853470437017994,0,0.23136246786632392,0.17994858611825193,186,198,0.15816326530612246,0.15102974828375287
2669833389,1,1,18,3,0,1955,0,0,0,54,15,151,46,4,63,168,182,1,4.572890025575448,12,0.27621483375959077,0.21483375959079282,340,393,0.20935960591133004,0.22405929304446978
2669766776,1,1,18,22,7,2008,7,8,5,111,11,46,180,42,216,31,244,1,0.08964143426294821,0,0.2091633466135458,0.1792828685258964,155,182,0.10045366169799093,0.10423825887743414
2669038621,0,1,18,22,7,4033,None,None,None,87,20,102,214,254,100,41,40,2,0.5653359781800149,3,0.44631787751053803,0.14877262583684603,270,333,0.13261296660117877,0.14939434724091522
2668910197,1,0,18,22,7,2001,None,None,None,63,13,168,212,63,0,0,182,1,2.39880059970015,4,0.2698650674662669,0.239880059970015,265,290,0.23724261414503134,0.23162939297124602
2667536599,1,0,18,1,0,2754,None,None,None,56,22,168,98,139,236,149,63,2,5.403050108932462,4,0.32679738562091504,0.13071895424836602,467,559,0.3196440793976728,0.30151024811218985
2667438164,1,1,18,22,7,2977,0,0,0,11,19,116,212,149,63,236,46,2,3.6681222707423577,12,0.5844810211622439,0.20154517971111857,352,414,0.19523017193566278,0.18775510204081633
2664720303,1,1,18,22,7,2436,4,0,2,81,16,21,63,8,252,151,0,1,2.3399014778325125,2,0.24630541871921183,0.19704433497536944,265,336,0.15944645006016847,0.17116658176260827
2662515956,1,0,18,22,7,4055,None,None,None,63,25,46,141,236,168,135,61,2,2.900123304562269,9,0.38471023427866835,0.14796547472256474,399,479,0.2363744075829384,0.26819708846584545
2660128851,1,1,18,22,7,2267,None,None,None,111,14,180,218,46,79,0,0,1,0.1588001764446405,0,0.4764005293339215,0.2911336568151743,239,284,0.14626682986536108,0.1378640776699029
2658422263,1,0,18,22,7,2027,1,0,0,98,13,31,180,127,0,46,182,0,1.0952146028613716,0,0.23680315737543167,0.2960039467192896,238,287,0.20695652173913043,0.2084241103848947
2658385361,1,0,18,22,7,1726,None,None,None,86,8,46,0,218,244,29,73,0,0.27809965237543455,0,0.13904982618771727,0.2085747392815759,156,137,0.16938110749185667,0.13418217433888344
2658200219,1,0,18,22,7,3149,None,None,None,111,17,37,42,79,244,46,180,2,0.3239123531279771,2,0.40012702445220705,0.15242934264845984,209,308,0.13501291989664083,0.16100365917407214
2656492394,1,0,18,22,7,3124,None,None,None,30,15,0,244,180,94,218,254,1,0.4801536491677337,0,0.34571062740076824,0.26888604353393086,243,247,0.17532467532467533,0.13994334277620396
2653627176,0,0,18,22,7,1747,None,None,None,30,11,180,1,46,0,254,0,3,0.549513451631368,1,0.6525472238122496,0.17172295363480253,328,275,0.16310293386374938,0.13500245459008345
2651516064,1,1,18,22,7,2847,None,None,None,111,17,244,232,214,42,46,37,2,0.3582718651211802,1,0.5057955742887249,0.23182297154899895,250,329,0.1372872048325096,0.15064102564102563
2651002002,0,0,18,1,0,2864,None,None,None,43,14,60,58,100,46,0,180,1,0.7332402234636871,3,0.31424581005586594,0.20949720670391062,274,248,0.1430062630480167,0.11849020544672718
2649695824,0,1,18,3,0,2255,None,None,None,86,14,102,180,244,37,46,0,2,0.4523281596452328,1,0.6385809312638581,0.23946784922394676,296,293,0.12277063459145583,0.11734080897076492
2649579294,1,1,18,3,0,2944,None,None,None,50,15,100,254,46,29,218,0,1,0.4076086956521739,1,0.22418478260869565,0.14266304347826086,198,245,0.12571428571428572,0.12262262262262262
2647219143,1,1,18,1,0,2734,None,None,None,33,15,60,79,21,46,29,1,2,2.6335040234089244,1,0.37307973664959765,0.15362106803218725,269,275,0.14128151260504201,0.12661141804788215
2644933292,1,0,18,1,0,2818,None,None,None,63,17,63,71,168,10,0,212,0,2.6827537260468417,7,0.149041873669269,0.19162526614620298,251,348,0.1813583815028902,0.22236421725239616
2638788116,0,1,18,1,0,2978,13,4,1,71,23,53,185,90,63,116,182,5,2.478173270651444,1,0.6850235057085292,0.10073875083948959,413,583,0.1559667673716012,0.19304635761589403
2638191984,0,1,18,5,0,2240,None,None,None,71,15,125,244,63,252,2,0,6,2.142857142857143,3,0.6696428571428571,0.08035714285714285,395,354,0.1922141119221411,0.16849119466920515
2637966051,1,1,18,1,0,2584,None,None,None,111,14,46,42,100,214,40,0,1,0.1393188854489164,0,0.3947368421052631,0.20897832817337458,218,270,0.13228155339805825,0.15798712697483908
2636336677,1,1,18,3,0,2040,0,0,0,81,15,151,182,46,63,116,0,1,2.764705882352941,0,0.20588235294117646,0.14705882352941177,299,378,0.18722604884157795,0.1954498448810755
2636274157,1,1,18,3,0,1711,0,0,0,72,14,71,212,164,50,46,21,0,3.2963179427235536,6,0.2805376972530684,0.3506721215663355,325,400,0.26508972267536707,0.2544529262086514
2636009735,1,1,18,22,7,2167,None,None,None,27,11,36,23,244,29,0,0,0,0.6091370558375634,1,0.19381633594831565,0.24919243193354867,170,201,0.0989522700814901,0.11368778280542986
2635633852,1,1,18,22,7,2452,None,None,None,26,15,214,108,244,36,46,43,1,0.36704730831973903,0,0.46492659053833607,0.24469820554649266,225,318,0.13611615245009073,0.15474452554744525
2635267201,0,0,18,22,7,2623,16,10,0,87,16,180,79,0,43,37,46,3,0.5718642775447961,2,0.43461685093404495,0.09149828440716737,289,325,0.14070107108081792,0.1409366869037294
2633491883,1,1,18,22,7,1706,None,None,None,20,12,46,8,212,63,187,0,1,1.477139507620164,5,0.31652989449003516,0.2813599062133646,287,315,0.20239774330042312,0.22340425531914893
2631330150,1,0,18,22,7,2696,None,None,None,86,16,46,218,244,37,73,180,2,0.48961424332344217,0,0.556379821958457,0.17804154302670624,233,303,0.18610223642172524,0.1997363216875412
2622526277,1,0,18,22,7,1998,None,None,None,68,13,43,100,188,257,180,46,2,0.2702702702702703,0,0.7207207207207208,0.3003003003003003,252,270,0.18155619596541786,0.16759776536312848
2618254292,1,0,18,22,7,1887,None,None,None,42,13,46,63,239,151,21,8,0,2.988871224165342,2,0.1271860095389507,0.2861685214626391,270,302,0.23376623376623376,0.25062240663900415
2606878903,1,1,18,22,7,3231,None,None,None,30,16,29,100,46,218,31,40,1,0.8542246982358402,3,0.4271123491179201,0.24141132776230267,225,262,0.11917372881355932,0.11371527777777778
2606207342,1,0,18,22,7,2685,None,None,None,87,16,79,102,46,0,0,180,1,1.1843575418994414,0,0.4022346368715084,0.24581005586592178,243,317,0.15576923076923077,0.159536990437846
2606028714,1,0,18,22,7,2216,None,None,None,20,14,36,46,187,180,244,102,1,0.21660649819494585,0,0.351985559566787,0.27075812274368233,243,285,0.20317725752508362,0.19400953029271614
2604681915,1,1,18,1,0,2802,1,None,2,38,19,239,194,185,63,81,0,3,2.3126338329764455,0,0.5781584582441113,0.1284796573875803,306,436,0.1493411420204978,0.17573559048770657
2604573226,1,1,18,1,0,2848,None,None,None,63,17,63,212,46,168,123,2,1,4.1081460674157295,1,0.273876404494382,0.14747191011235955,291,348,0.17218934911242603,0.1669064748201439
2604462331,0,0,18,5,0,3193,None,None,None,75,22,102,250,29,100,0,46,2,2.611963670529283,2,0.695270905104917,0.24428437206388975,392,513,0.2153846153846154,0.25497017892644136
2604294578,1,1,18,5,0,2012,None,None,None,38,14,239,193,185,29,88,0,1,1.8190854870775346,0,0.4473161033797217,0.29821073558648115,293,347,0.18603174603174602,0.17822290703646637
2604195454,0,0,18,22,7,2375,None,None,None,37,18,0,21,180,79,46,60,4,1.2126315789473685,0,0.7326315789473684,0.15157894736842104,368,438,0.18785094435936703,0.1850443599493029
2604047534,0,1,18,22,7,3202,None,None,None,84,20,0,102,244,180,46,0,2,0.7682698313554028,0,0.4497189256714553,0.2061211742660837,272,430,0.12995699952221693,0.17423014586709887
2603939986,0,0,18,22,7,2034,None,None,None,87,14,1,0,46,180,79,0,5,0.7964601769911505,0,0.6194690265486726,0.08849557522123894,321,344,0.19061757719714964,0.20574162679425836
2603389665,1,1,18,22,7,1674,None,None,None,20,9,187,46,0,42,29,244,0,0.43010752688172044,0,0.2508960573476703,0.43010752688172044,192,187,0.13177762525737818,0.11775818639798488
2599153013,0,1,18,1,0,3019,None,None,None,23,18,36,185,50,46,116,149,3,1.0135806558463067,0,0.6558463067240807,0.19874130506790327,318,356,0.1464088397790055,0.13278627377844088
2596940266,0,0,18,1,0,1379,5,None,4,87,11,180,46,79,42,244,60,1,0.8701957940536621,0,0.3045685279187817,0.1305293691080493,290,272,0.168899242865463,0.17237008871989862
2596881300,1,1,18,1,0,2034,10,10,5,86,12,0,180,244,46,42,1,1,0.38348082595870203,0,0.41297935103244837,0.26548672566371684,236,251,0.13571017826336976,0.12825753704649975
2596715511,0,1,18,22,7,3141,None,None,None,84,19,46,100,185,79,29,218,1,0.30563514804202485,0,0.4584527220630372,0.24832855778414517,279,372,0.13649706457925637,0.15277207392197126
2596590473,0,1,18,22,7,3150,None,None,None,98,22,242,121,29,114,46,57,2,3.066666666666667,1,0.4380952380952381,0.17142857142857143,400,481,0.18190086402910413,0.17914338919925513
2595761499,0,1,18,3,0,2735,None,None,None,31,16,0,214,79,46,244,9,3,0.5923217550274222,0,0.46069469835466176,0.1316270566727605,262,320,0.10866860223973455,0.13136288998357964
2594473728,0,1,18,22,7,3026,None,None,None,84,19,46,254,180,42,86,57,4,0.6146728354263054,0,0.6345009914077991,0.13879709187045605,273,379,0.121875,0.14968404423380727
2594334466,1,0,18,22,7,3087,None,None,None,20,16,244,218,46,180,0,187,1,0.3109815354713314,3,0.3304178814382896,0.27210884353741494,219,286,0.1463903743315508,0.1514028586553732
2593988430,0,1,18,22,7,3100,14,10,None,30,18,60,46,254,244,180,79,1,0.21290322580645163,0,0.32903225806451614,0.15483870967741936,270,329,0.12140287769784172,0.132875605815832
2592094617,1,0,18,22,7,2417,None,None,None,79,14,244,31,0,57,46,180,0,0.49648324369052543,0,0.19859329747621018,0.2978899462143153,191,267,0.12640635340833886,0.1460612691466083
2589493598,0,0,18,22,7,2525,None,None,None,63,19,212,123,63,7,7,46,3,2.257425742574257,1,0.4752475247524752,0.1188118811881188,372,495,0.2080536912751678,0.2537160430548437
2581854450,0,0,18,22,7,2378,None,None,None,20,17,46,218,185,0,187,180,2,0.3280067283431455,1,0.6307821698906644,0.2523128679562658,302,418,0.16439847577572128,0.19289340101522842
2578961605,1,0,18,22,7,3186,None,None,None,84,15,100,29,46,0,43,232,1,0.6779661016949152,0,0.3578154425612053,0.22598870056497175,205,243,0.15401953418482345,0.1399769585253456
2577088297,1,0,18,1,0,2170,None,None,None,84,12,180,0,0,181,46,218,0,0.1935483870967742,0,0.22119815668202766,0.30414746543778803,196,242,0.14464944649446496,0.15306767868437698
2576940746,1,0,18,1,0,2213,None,None,None,30,12,244,23,60,180,46,42,1,0.8133755083596927,0,0.35246272028920017,0.3253502033438771,218,233,0.18874458874458874,0.17759146341463414
1109924629,1,1,13,5,0,2185,None,None,None,44,21,63,187,164,7,116,170,2,3.295194508009153,1,0.4393592677345538,0.13729977116704806,414,636,0.24642857142857144,0.2635723166183174
1103105114,0,0,13,1,0,2176,None,None,None,87,16,46,108,214,79,0,0,1,1.2132352941176472,0,0.3860294117647059,0.19301470588235295,318,389,0.17569060773480663,0.1995895330938943
1094159020,1,0,12,5,0,2190,None,None,None,97,9,0,0,0,0,0,0,0,0.821917808219178,1,0.0821917808219178,0.136986301369863,168,128,0.11140583554376658,0.08821502412129566
1030227900,1,0,12,5,0,1908,None,None,None,52,11,63,178,46,73,19,0,0,0.8176100628930818,1,0.22012578616352202,0.34591194968553457,186,209,0.19435736677115986,0.18001722652885443
1015591488,0,0,12,3,0,2188,None,None,None,49,19,63,242,164,46,116,9,5,3.8117001828153567,2,0.5484460694698354,0.08226691042047532,445,553,0.2776044915782907,0.2770541082164329
1011516958,1,0,12,5,0,2621,None,None,None,47,19,63,212,79,116,46,0,1,1.9916062571537578,4,0.4807325448302175,0.2289202594429607,389,459,0.2831149927219796,0.27079646017699116
998021594,0,0,12,1,0,2973,None,None,None,84,18,79,0,46,0,0,180,1,1.1301715438950555,0,0.2623612512613522,0.20181634712411706,231,350,0.15920055134390076,0.19498607242339833
987924864,0,1,12,5,0,2271,None,None,None,80,19,63,46,0,27,28,0,2,2.8005284015852046,10,0.44914134742404227,0.1321003963011889,425,531,0.19486474094452086,0.1886323268206039
986021957,0,1,12,3,0,2359,None,None,None,59,19,164,92,63,21,151,46,3,2.619754133107249,4,0.6867316659601526,0.17804154302670622,389,503,0.18305882352941177,0.17805309734513275
983767061,1,0,12,5,0,2788,None,None,None,37,14,79,180,43,46,42,0,1,0.6025824964131994,4,0.430416068866571,0.3012912482065997,190,244,0.1647875108412836,0.15345911949685534
982635480,1,1,12,22,7,2114,None,None,None,27,11,0,0,0,0,0,0,0,0.6527909176915799,3,0.2270577105014191,0.36896877956480606,178,178,0.12983223924142961,0.10154021677124929
981151059,1,0,12,22,7,3019,None,None,None,46,16,63,8,8,46,1,149,0,2.5637628353759525,3,0.1589930440543226,0.25836369658827424,276,299,0.2247557003257329,0.17608951707891637
977487635,0,0,12,5,0,2701,None,None,None,78,20,112,50,1,185,0,108,4,4.220659015179563,5,0.35542391706775267,0.06664198445020363,408,492,0.23985890652557318,0.22476016445865693
977234778,1,0,12,1,0,2511,None,None,None,4,17,154,11,0,63,158,0,1,3.6559139784946235,2,0.3345280764635603,0.2867383512544803,396,391,0.31378763866877973,0.25291073738680464
975514888,0,1,12,5,0,2604,None,None,None,67,23,137,65,242,61,147,63,5,4.377880184331797,3,0.5760368663594471,0.09216589861751152,544,649,0.25103830179972314,0.24288922155688622
